ASCII	Seg.	syllabic	sonority	stress	aperture	delayed release	flap	nasal	voice	spread glottis	constricted glottis	LAB	round	COR	anterior	distributed	strident	lateral	DORSAL	height	backness	tense
		syl	sonor	stress	aper	del_rel	flap	nasal	voice	spread	constr	LAB	round	COR	ant	distr	strid	lat	DORS	hi	back	tense
40	dZ	0	0	-1	0	1	0	0	1	0	0	0	0	1	0	1	1	0	0	-1	-1	-1
98	b	0	0	-1	0	0	0	0	1	0	0	1	0	0	-1	-1	0	0	0	-1	-1	-1
100	d	0	0	-1	0	0	0	0	1	0	0	0	0	1	1	0	0	0	0	-1	-1	-1
103	g	0	0	-1	0	0	0	0	1	0	0	0	0	0	-1	-1	0	0	1	2	-1	-1
107	k	0	0	-1	0	0	0	0	0	0	0	0	0	0	-1	-1	0	0	1	2	-1	-1
112	p	0	0	-1	0	0	0	0	0	0	0	1	0	0	-1	-1	0	0	0	-1	-1	-1
116	t	0	0	-1	0	0	0	0	0	0	0	0	0	1	1	0	0	0	0	-1	-1	-1
39	tS	0	0	-1	0	1	0	0	0	0	0	0	0	1	0	1	1	0	0	-1	-1	-1
68	D	0	1	-1	1	1	0	0	1	0	0	0	0	1	1	1	0	0	0	-1	-1	-1
83	S	0	1	-1	1	1	0	0	0	0	0	0	0	1	0	1	1	0	0	-1	-1	-1
84	T	0	1	-1	1	1	0	0	0	0	0	0	0	1	1	1	0	0	0	-1	-1	-1
90	Z	0	1	-1	1	1	0	0	1	0	0	0	0	1	0	1	1	0	0	-1	-1	-1
102	f	0	1	-1	1	1	0	0	0	0	0	1	0	0	-1	-1	0	0	0	-1	-1	-1
115	s	0	1	-1	1	1	0	0	0	0	0	0	0	1	1	0	1	0	0	-1	-1	-1
118	v	0	1	-1	1	1	0	0	1	0	0	1	0	0	-1	-1	0	0	0	-1	-1	-1
122	z	0	1	-1	1	1	0	0	1	0	0	0	0	1	1	0	1	0	0	-1	-1	-1
104	h	0	1	-1	2	1	0	0	0	1	0	0	0	0	-1	-1	0	0	0	-1	-1	-1
78	N	0	2	-1	0	0	0	1	1	0	0	0	0	0	-1	-1	0	0	1	2	-1	-1
109	m	0	2	-1	0	0	0	1	1	0	0	1	0	0	-1	-1	0	0	0	-1	-1	-1
110	n	0	2	-1	0	0	0	1	1	0	0	0	0	1	1	0	0	0	0	-1	-1	-1
108	l	0	3	-1	2	1	0	0	1	0	0	0	0	1	1	0	0	1	0	-1	-1	-1
106	j	0	4	-1	2	1	0	0	1	0	0	0	0	0	-1	-1	0	0	1	2	0	-1
114	r	0	4	-1	2	1	0	0	1	0	0	0	0	1	0	1	0	0	0	-1	-1	-1
119	w	0	4	-1	2	1	0	0	1	0	0	1	1	0	-1	-1	0	0	1	2	2	-1
101	e	1	5	0	2	1	0	0	1	0	0	0	0	0	-1	-1	0	0	1	1	0	1
97	a	1	5	0	2	1	0	0	1	0	0	0	0	0	-1	-1	0	0	1	0	1	0
85	U	1	5	0	2	1	0	0	1	0	0	1	1	0	-1	-1	0	0	1	2	2	0
87	W	1	5	0	2	1	0	0	1	0	0	1	1	0	-1	-1	0	0	1	2	2	0
81	Q	1	5	0	2	1	0	0	1	0	0	0	0	0	-1	-1	0	0	1	0	0	-1
73	I	1	5	0	2	1	0	0	1	0	0	0	0	0	-1	-1	0	0	1	2	0	0
74	J	1	5	0	2	1	0	0	1	0	0	0	0	0	-1	-1	0	0	1	2	0	0
65	A	1	5	0	2	1	0	0	1	0	0	0	0	0	-1	-1	0	0	1	0	2	-1
69	E	1	5	0	2	1	0	0	1	0	0	0	0	0	-1	-1	0	0	1	1	0	0
141	ç	1	5	0	2	1	0	0	1	0	0	1	1	0	-1	-1	0	0	1	1	2	0
105	i	1	5	0	2	1	0	0	1	0	0	0	0	0	-1	-1	0	0	1	2	0	1
111	o	1	5	0	2	1	0	0	1	0	0	1	1	0	-1	-1	0	0	1	1	2	1
117	u	1	5	0	2	1	0	0	1	0	0	1	1	0	-1	-1	0	0	1	2	2	1
129	Å	1	5	0	2	1	0	0	1	0	0	1	1	0	-1	-1	0	0	1	0	2	-1
171	´	1	5	0	2	1	0	0	1	0	0	0	0	0	-1	-1	0	0	1	1	1	-1
195	√	1	5	0	2	1	0	0	1	0	0	0	0	0	-1	-1	0	0	1	1	2	0
212	‘	1	5	0	2	1	0	0	1	0	0	0	0	1	0	1	0	0	1	1	1	-1
215	»√	1	5	2	2	1	0	0	1	0	0	0	0	0	-1	-1	0	0	1	1	2	0
218	»Å	1	5	2	2	1	0	0	1	0	0	1	1	0	-1	-1	0	0	1	0	2	-1
129	Å	1	5	0	2	1	0	0	1	0	0	1	1	0	-1	-1	0	0	1	0	2	-1
220	»ç	1	5	2	2	1	0	0	1	0	0	1	1	0	-1	-1	0	0	1	1	2	0
222	»E	1	5	2	2	1	0	0	1	0	0	0	0	0	-1	-1	0	0	1	1	0	0
224	»A	1	5	2	2	1	0	0	1	0	0	0	0	0	-1	-1	0	0	1	0	2	-1
226	»‘	1	5	2	2	1	0	0	1	0	0	0	0	1	0	1	0	0	1	1	1	-1
229	»I	1	5	2	2	1	0	0	1	0	0	0	0	0	-1	-1	0	0	1	2	0	0
231	»Q	1	5	2	2	1	0	0	1	0	0	0	0	0	-1	-1	0	0	1	0	0	-1
233	»U	1	5	2	2	1	0	0	1	0	0	1	1	0	-1	-1	0	0	1	2	2	0
235	»a	1	5	2	2	1	0	0	1	0	0	0	0	0	-1	-1	0	0	1	0	1	0
237	»e	1	5	2	2	1	0	0	1	0	0	0	0	0	-1	-1	0	0	1	1	0	1
239	»i	1	5	2	2	1	0	0	1	0	0	0	0	0	-1	-1	0	0	1	2	0	1
241	»o	1	5	2	2	1	0	0	1	0	0	1	1	0	-1	-1	0	0	1	1	2	1
243	»u	1	5	2	2	1	0	0	1	0	0	1	1	0	-1	-1	0	0	1	2	2	1